9091929394959697989990919293949596979899909192939495969798999091929394
9596979899909192939495969798999091929394959697989990919293949596979899
9091929394959697989990919293949596979899909192939495969798999091929394
9596979899909192939495969798999091929394959697989990919293949596979899
9091929394959697989990919293949596979899909192939495969798990001020304
0506070809000102030405060708090001020304050607080900010203040506070809
0001020304050607080900010203040506070809000102030405060708090001020304
0506070809000102030405060708090001020304050607080900010203040506070809
0001020304050607080900010203040506070809000102030405060708090001020304
0506070809000102030405060708090001020304050607080900010203040506070809
0001020304050607080900010203040506070809000102030405060708090001020304
0506070809000102030405060708090001020304050607080900010203040506070809
0001020304050607080900010203040506070809000102030405060708090001020304
0506070809000102030405060708090001020304050607080900010203040506070809
0001020304050607080900010203040506070809000102030405060708090001020304
0506070809000102030405060708090001020304050607080900010203040506070809
0001020304050607080900010203040506070809000102030405060708090001020304
0506070809000102030405060708090001020304050607080900010203040506070809
0001020304050607080900010203040506070809000102030405060708090001020304
0506070809000102030405060708090001020304050607080900010203040506070809
0001020304050607080900010203040506070809000102030405060708090001020304
0506070809000102030405060708090001020304050607080900010203040506070809
0001020304050607080900010203040506070809000102030405060708090001020304
0506070809000102030405060708090001020304050607080900010203040506070809
0001020304050607080900010203040506070809000102030405060708090001020304
0506070809000102030405060708090001020304050607080900010203040506070809
0001020304050607080900010203040506070809000102030405060708090001020304
0506070809000102030405060708090001020304050607080900010203040506070809
0001020304050607080900010203040506070809000102030405060708090001020304
0506070809000102030405060708090001020304050607080900010203040506070809
0001020304050607080900010203040506070809000102030405060708090001020304
0506070809000102030405060708090001020304050607080900010203040506070809
0001020304050607080900010203040506070809000102030405060708090001020304
0506070809000102030405060708090001020304050607080900010203040506070809
0001020304050607080900010203040506070809000102030405060708090001020304
0506070809000102030405060708090001020304050607080900010203040506070809
0001020304050607080900010203040506070809000102030405060708090001020304
0506070809000102030405060708090001020304050607080900010203040506070809
0001020304050607080900010203040506070809000102030405060708090001020304
0506070809000102030405060708090001020304050607080900010203040506070809
0001020304050607080900010203040506070809000102030405060708091011121314
1516171819101112131415161718191011121314151617181910111213141516171819
1011121314151617181910111213141516171819101112131415161718191011121314
1516171819101112131415161718191011121314151617181910111213141516171819
1011121314151617181910111213141516171819101112131415161718191011121314
1516171819101112131415161718191011121314151617181910111213141516171819
1011121314151617181910111213141516171819101112131415161718191011121314
1516171819101112131415161718191011121314151617181910111213141516171819
1011121314151617181910111213141516171819101112131415161718191011121314
1516171819101112131415161718191011121314151617181910111213141516171819
1011121314151617181910111213141516171819101112131415161718191011121314
1516171819101112131415161718191011121314151617181910111213141516171819
1011121314151617181910111213141516171819101112131415161718191011121314
1516171819101112131415161718191011121314151617181910111213141516171819
1011121314151617181910111213141516171819101112131415161718191011121314
1516171819101112131415161718191011121314151617181910111213141516171819
1011121314151617181910111213141516171819101112131415161718191011121314
1516171819101112131415161718191011121314151617181910111213141516171819
1011121314151617181910111213141516171819101112131415161718191011121314
1516171819101112131415161718191011121314151617181910111213141516171819
1011121314151617181910111213141516171819101112131415161718191011121314
1516171819101112131415161718191011121314151617181910111213141516171819
1011121314151617181910111213141516171819101112131415161718191011121314
1516171819101112131415161718191011121314151617181910111213141516171819
1011121314151617181910111213141516171819101112131415161718191011121314
1516171819101112131415161718191011121314151617181910111213141516171819
1011121314151617181910111213141516171819101112131415161718191011121314
1516171819101112131415161718191011121314151617181910111213141516171819
1011121314151617181910111213141516171819101112131415161718191011121314
1516171819101112131415161718191011121314151617181910111213141516171819
1011121314151617181910111213141516171819101112131415161718191011121314
1516171819101112131415161718191011121314151617181910111213141516171819
1011121314151617181910111213141516171819101112131415161718191011121314
1516171819101112131415161718191011121314151617181910111213141516171819
1011121314151617181910111213141516171819101112131415161718191011121314
1516171819101112131415161718191011121314151617181910111213141516171819
1011121314151617181910111213141516171819101112131415161718192021222324
2526272829202122232425262728292021222324252627282920212223242526272829
2021222324252627282920212223242526272829202122232425262728292021222324
2526272829202122232425262728292021222324252627282920212223242526272829
2021222324252627282920212223242526272829202122232425262728292021222324
2526272829202122232425262728292021222324252627282920212223242526272829
2021222324252627282920212223242526272829202122232425262728292021222324
2526272829202122232425262728292021222324252627282920212223242526272829
2021222324252627282920212223242526272829202122232425262728292021222324
2526272829202122232425262728292021222324252627282920212223242526272829
2021222324252627282920212223242526272829202122232425262728292021222324
2526272829202122232425262728292021222324252627282920212223242526272829
2021222324252627282920212223242526272829202122232425262728292021222324
2526272829202122232425262728292021222324252627282920212223242526272829
2021222324252627282920212223242526272829202122232425262728292021222324
2526272829202122232425262728292021222324252627282920212223242526272829
2021222324252627282920212223242526272829202122232425262728292021222324
2526272829202122232425262728292021222324252627282920212223242526272829
2021222324252627282920212223242526272829202122232425262728292021222324
2526272829202122232425262728292021222324252627282920212223242526272829
2021222324252627282920212223242526272829202122232425262728292021222324
2526272829202122232425262728292021222324252627282920212223242526272829
2021222324252627282920212223242526272829202122232425262728292021222324
2526272829202122232425262728292021222324252627282920212223242526272829
2021222324252627282920212223242526272829202122232425262728292021222324
2526272829202122232425262728292021222324252627282920212223242526272829
2021222324252627282920212223242526272829202122232425262728292021222324
2526272829202122232425262728292021222324252627282920212223242526272829
2021222324252627282920212223242526272829202122232425262728292021222324
2526272829202122232425262728292021222324252627282920212223242526272829
2021222324252627282920212223242526272829202122232425262728292021222324
2526272829202122232425262728292021222324252627282920212223242526272829
2021222324252627282920212223242526272829202122232425262728292021222324
2526272829202122232425262728292021222324252627282920212223242526272829
2021222324252627282920212223242526272829202122232425262728292021222324
2526272829202122232425262728292021222324252627282920212223242526272829
2021222324252627282920212223242526272829202122232425262728293031323334
3536373839303132333435363738393031323334353637383930313233343536373839
3031323334353637383930313233343536373839303132333435363738393031323334
3536373839303132333435363738393031323334353637383930313233343536373839
3031323334353637383930313233343536373839303132333435363738393031323334
3536373839303132333435363738393031323334353637383930313233343536373839
3031323334353637383930313233343536373839303132333435363738393031323334
3536373839303132333435363738393031323334353637383930313233343536373839
3031323334353637383930313233343536373839303132333435363738393031323334
3536373839303132333435363738393031323334353637383930313233343536373839
3031323334353637383930313233343536373839303132333435363738393031323334
3536373839303132333435363738393031323334353637383930313233343536373839
3031323334353637383930313233343536373839303132333435363738393031323334
3536373839303132333435363738393031323334353637383930313233343536373839
3031323334353637383930313233343536373839303132333435363738393031323334
3536373839303132333435363738393031323334353637383930313233343536373839
3031323334353637383930313233343536373839303132333435363738393031323334
3536373839303132333435363738393031323334353637383930313233343536373839
3031323334353637383930313233343536373839303132333435363738393031323334
3536373839303132333435363738393031323334353637383930313233343536373839
3031323334353637383930313233343536373839303132333435363738393031323334
3536373839303132333435363738393031323334353637383930313233343536373839
3031323334353637383930313233343536373839303132333435363738393031323334
3536373839303132333435363738393031323334353637383930313233343536373839
3031323334353637383930313233343536373839303132333435363738393031323334
3536373839303132333435363738393031323334353637383930313233343536373839
3031323334353637383930313233343536373839303132333435363738393031323334
3536373839303132333435363738393031323334353637383930313233343536373839
3031323334353637383930313233343536373839303132333435363738393031323334
3536373839303132333435363738393031323334353637383930313233343536373839
3031323334353637383930313233343536373839303132333435363738393031323334
3536373839303132333435363738393031323334353637383930313233343536373839
3031323334353637383930313233343536373839303132333435363738393031323334
3536373839303132333435363738393031323334353637383930313233343536373839
3031323334353637383930313233343536373839303132333435363738393031323334
3536373839303132333435363738393031323334353637383930313233343536373839
3031323334353637383930313233343536373839303132333435363738394041424344
4546474849404142434445464748494041424344454647484940414243444546474849
4041424344454647484940414243444546474849404142434445464748494041424344
4546474849404142434445464748494041424344454647484940414243444546474849
4041424344454647484940414243444546474849404142434445464748494041424344
4546474849404142434445464748494041424344454647484940414243444546474849
4041424344454647484940414243444546474849404142434445464748494041424344
4546474849404142434445464748494041424344454647484940414243444546474849
4041424344454647484940414243444546474849404142434445464748494041424344
4546474849404142434445464748494041424344454647484940414243444546474849
4041424344454647484940414243444546474849404142434445464748494041424344
4546474849404142434445464748494041424344454647484940414243444546474849
4041424344454647484940414243444546474849404142434445464748494041424344
4546474849404142434445464748494041424344454647484940414243444546474849
4041424344454647484940414243444546474849404142434445464748494041424344
4546474849404142434445464748494041424344454647484940414243444546474849
4041424344454647484940414243444546474849404142434445464748494041424344
4546474849404142434445464748494041424344454647484940414243444546474849
4041424344454647484940414243444546474849404142434445464748494041424344
4546474849404142434445464748494041424344454647484940414243444546474849
4041424344454647484940414243444546474849404142434445464748494041424344
4546474849404142434445464748494041424344454647484940414243444546474849
4041424344454647484940414243444546474849404142434445464748494041424344
4546474849404142434445464748494041424344454647484940414243444546474849
4041424344454647484940414243444546474849404142434445464748494041424344
4546474849404142434445464748494041424344454647484940414243444546474849
4041424344454647484940414243444546474849404142434445464748494041424344
4546474849404142434445464748494041424344454647484940414243444546474849
4041424344454647484940414243444546474849404142434445464748494041424344
4546474849404142434445464748494041424344454647484940414243444546474849
4041424344454647484940414243444546474849404142434445464748494041424344
4546474849404142434445464748494041424344454647484940414243444546474849
4041424344454647484940414243444546474849404142434445464748494041424344
4546474849404142434445464748494041424344454647484940414243444546474849
4041424344454647484940414243444546474849404142434445464748494041424344
4546474849404142434445464748494041424344454647484940414243444546474849
4041424344454647484940414243444546474849404142434445464748495051525354
5556575859505152535455565758595051525354555657585950515253545556575859
505152535455565758595051525354555657585950515253545556575859
